4
4 3
1 0 0
1 0 1
1 0 0
1 1 0
6 4
1 0 0 0
1 0 0 1
1 1 1 1
1 0 1 0
1 0 1 0
1 1 1 0
10 10
0 0 0 0 0 0 0 0 0 0
0 0 0 0 1 0 0 0 0 0
0 0 0 0 1 0 0 0 0 0
0 0 0 0 1 0 0 0 0 0
0 1 1 1 1 1 1 1 1 1
0 0 0 0 1 0 0 0 0 0
0 0 0 0 1 0 0 0 0 0
0 0 0 0 1 0 0 0 0 0
0 0 0 0 1 0 0 0 0 0
0 0 0 0 1 0 0 0 0 0
12 12
0 0 0 0 0 0 0 0 0 0 0 1
0 0 0 0 1 1 1 1 1 1 0 1
0 1 1 1 1 0 0 0 0 0 0 1
0 0 0 0 1 0 0 0 0 0 0 1
0 1 1 1 1 1 1 1 1 1 1 1
0 0 0 0 1 0 0 0 0 0 0 1
0 0 0 0 1 0 0 0 0 0 0 1
0 0 0 0 1 1 1 1 0 0 0 1
0 0 0 0 1 0 0 0 0 0 0 0
0 0 0 0 1 0 0 0 0 0 0 0
0 0 0 0 1 0 0 0 0 0 0 0
0 0 0 0 0 0 0 0 0 0 0 0

2+2+8+2+2+2+2+1+2+2+2+2+2+1=32

맨 아래 if로 하고 else 노필요
West North = 1
