1
11 11
0 0 0 0 0 0 0 0 0 0 0
0 0 0 0 0 0 0 0 0 0 0
0 0 0 0 0 0 0 0 0 0 0
0 0 0 0 0 0 0 0 0 0 0
0 0 0 0 0 0 0 0 0 0 0
0 0 0 0 0 8 0 0 0 0 0
0 0 0 0 0 0 0 0 0 0 0
0 0 0 0 0 0 0 0 0 0 0
0 0 0 0 0 0 0 0 0 0 0
0 0 0 0 0 0 0 0 0 0 0
0 0 0 0 0 0 0 0 0 0 0

1
7 7
0 0 0 0 0 0 0
0 0 0 0 0 0 0
0 0 0 0 0 0 0
0 0 0 8 0 0 0
0 0 0 0 0 0 0
0 0 0 0 0 0 0
0 0 0 0 0 0 0

1
25 49
1807389 1135329 1715967 1796927 1305528 906454 1395372 1807795 263707 1674446 1940278 830376 1706743 1320013 1699075 32695 1429878 1831386 979901 729221 1389355 1010815 1914399 1115314 108435 941518 1222843 1558461 1282572 875236 1962371 1011971 1435830 949300 96162 1725874 1500697 1844796 603485 609242 720391 1545659 845311 1274966 543934 702 1762690 1255916 1382829
1654264 1216864 372711 1192306 628401 517808 1918117 778612 615192 1223293 1017187 51297 718197 677259 1825859 121254 370000 806757 1246463 1935525 1388314 1167990 1315117 1768384 81515 1547207 1157174 1890276 930917 653019 114106 1945136 892557 588979 368720 776145 1513499 28408 529070 1479225 1440506 759435 154249 1706042 1855470 403471 1832671 72446 1677262
976610 700279 1912848 1477990 1265403 1267384 1053056 1201733 1521998 1107490 463552 885443 1968385 1306644 635162 1943834 815014 1171497 1410163 1714314 62660 1207343 1142253 1218656 1209313 1928904 47285 94362 449037 1040608 108122 807031 1991950 863493 1768379 786797 1895140 15345 1648171 963151 1862728 782687 537101 1291429 916887 229305 1783296 84357 987860
1138172 1416001 1906039 1120374 402425 694551 1120530 803582 1601958 707150 1658770 858811 583069 1386771 315834 770805 1329497 1006071 1201841 1058503 1911896 168204 387389 1212434 61234 329048 805143 1222441 41228 1301760 162519 1825880 228313 88097 1276810 1676020 136658 602636 475512 1926252 1715874 1270136 1213050 22978 919062 1165224 1755127 707972 1846282
1184621 1180861 1566275 1093128 159841 1767598 1732563 1914057 835649 942386 1686039 704757 918860 1412056 643406 1079603 1423254 1495400 1684800 609260 897069 34909 1359508 684959 1830759 1666423 124586 1170273 1328445 1936853 1513875 1540118 1661599 782520 1460299 1177117 1208705 1229213 1194916 500306 372422 1612736 383054 340876 1527144 1290932 974077 1561330 1251945
180274 829096 740394 1334872 957223 1214875 225258 1094309 1050809 1199497 1566525 1952124 1939425 668699 1097292 1131849 89657 1386440 1395820 484144 1395111 397519 515451 352490 641042 1813818 1940196 1038173 739289 749084 165284 639850 465869 1149317 427575 1696431 562771 1018114 1082753 878689 484479 1804869 144220 1356343 927792 1416288 443584 906229 1643218
1547699 495667 1302523 1392892 1970854 253791 877120 1409603 727758 814391 1107 779757 693808 597651 741015 1038434 1092032 56568 1118755 1373876 462092 1714667 921152 98515 444648 1838290 175793 1540800 411764 1825212 949400 1262598 15587 192316 28644 1971331 973589 1171299 954854 1819787 1286681 1988899 1544851 1343025 1343923 1669910 64674 1282482 605547
1707866 982611 11341 941355 727700 259762 268835 977560 333445 1764025 923148 1640471 1493965 1705244 1130142 1619141 1841245 935961 1613160 1561923 675681 1358845 1997421 1246573 1112562 8283 1666479 1978579 861430 1254017 702549 976931 1645443 1137536 265220 845615 453648 1349256 106114 147218 1926930 1153260 454115 1212928 648456 4440 551927 1769890 984001
187155 215804 1094007 1156391 1986009 511641 1346856 1106101 1181105 1309175 610708 1991214 242245 1461433 1614289 60904 1869842 1408873 1357122 297585 1311486 986750 1388686 546954 604461 772216 89488 332171 212924 823425 1896575 1256825 57649 1869024 646037 1539705 265119 607074 405758 619578 1817824 1118850 1504995 1126078 1613161 570412 1838011 1567310 239973
1348282 396380 1096454 1159929 1535529 1101627 1074122 1559790 158962 1740177 720949 1906851 810177 1677808 1473570 1626021 745101 1555332 828288 732069 1049393 1322795 1705012 1030241 627490 1769503 1099468 1647598 232028 674492 1235204 921368 686041 667874 572934 277576 862677 13426 1929082 378946 612428 1767813 1912427 788664 1841421 1517975 1455129 1765971 1668694
750862 201166 1353968 1753948 733109 1132720 664285 1217742 854984 1386399 1266346 1841056 353096 189725 1693700 871110 1173243 612244 1476968 53122 1807302 454848 1229668 687746 1655871 929109 709603 468339 1488456 1358856 410784 1844990 155013 1485284 11172 929294 772068 234273 729873 1351631 1103302 991030 275365 127301 1896826 1568931 908827 549494 417549
1407048 1704653 763462 967744 1270879 508576 1703380 1494379 1431856 727605 1051109 1682689 885684 670295 1352320 1333525 1358829 1812574 1525012 125876 1523866 1414788 850406 1723768 823341 692511 1972316 1126139 1302655 1794001 1127786 174794 1677712 296173 1077913 1152192 1505430 1053701 385056 1368217 1931990 1321252 1611100 660967 538447 513924 1590195 1458490 228587
1457110 308204 678408 1460206 1137969 1691374 1396705 411084 1012082 701476 1137576 514792 1551934 521845 4488 871891 777453 1574399 1762882 674672 726809 1498242 855067 1304232 621363 1411835 1649996 1098592 1983021 1907773 342818 863377 511697 1426550 1120664 1761878 923098 1486252 501703 70017 1888516 996395 869804 1355894 994288 721592 1208477 767501 1738157
1859428 1739133 1865520 1175048 373286 1796933 1741840 635115 274764 770989 1912411 386147 1770386 1690183 257512 1608768 1721612 1574155 307651 1511716 1983260 1793759 79050 1972450 832905 1989189 1455914 292709 197923 268521 371701 728328 1646256 190399 979826 1373991 1824154 502720 1975316 1386824 1951482 89033 195851 804581 394026 541032 292716 768443 907140
48962 1251898 912127 1358438 280350 1699214 632194 1088341 116569 7892 704255 1687853 914646 1670881 1995097 421704 1390896 187107 625983 1877342 224565 12994 945559 583474 186289 1276327 302568 1181262 1009397 349192 1826668 894154 176820 1364730 498854 186206 835689 1657629 1688067 117065 356261 662611 1531159 1018194 910718 1464389 228348 1723842 789208
1787384 1153074 526765 1299746 1141404 662911 1248499 1319222 101425 523398 1345976 990997 1481297 960329 1619693 672198 1214961 89967 1686496 1543694 361324 1946406 1550118 283992 1370149 604623 746112 1146398 1965652 1268921 1115627 1248391 1622018 1384869 991797 121990 499506 1002768 94482 474435 1548805 697445 557661 989834 1886185 1901498 796409 749582 601127
40004 1523537 660810 1688878 1401062 1646494 39676 372211 297007 464850 1704026 157285 868560 1506297 1037992 924540 454142 1644728 1931051 359365 1166434 1052262 1943329 814909 1542017 986788 1594526 1667505 350836 402513 114916 286881 1998541 1551397 1379833 1299249 836369 1830467 1774257 733092 1915965 1105983 1484612 444532 1311166 408685 1392517 271550 1995015
554564 624201 317238 1527965 1744292 243129 495178 282449 1321947 1924886 1438143 1969680 1767892 1987864 441047 1933727 1441335 1434981 1744104 1948284 380234 498634 929743 91509 1823823 1499697 150898 565241 1880020 529062 1137126 1816301 948043 1200691 1073580 544113 1579245 628625 1104719 1753201 1256507 124873 1289126 1146687 481641 769209 1737908 1635383 1105916
1075548 1217029 1154995 222772 94819 47442 1708326 671452 1808115 1322925 862646 618198 65691 334726 706706 189132 1765761 1250710 822402 4415 1749644 14521 249374 386480 1501487 458154 1051747 106412 674315 80457 332907 409905 926750 1142312 998211 207968 862580 1184363 1889775 1007091 1753261 1001981 276427 499765 166853 1108320 884031 1427252 1595148
258776 1516067 1699958 1995225 533570 1115106 664309 1970903 1672093 21448 179336 972738 75840 1314115 740817 1956045 578838 61062 734657 771185 1367479 1670988 1036231 431436 1640665 1894064 960065 1522316 1247594 5459 905015 1012332 499838 1026281 635514 1801949 973985 471859 1627405 1047780 958772 1151207 1356899 784955 1517275 724499 727304 435666 1868084
680418 1740564 1149416 1906825 926161 1576821 919835 211190 1533357 85593 1056538 545054 1263006 991364 27107 60647 777799 30526 1702931 326564 1640258 309698 1062191 917931 1824822 1205000 1904432 1440370 1353359 1084443 1587839 1215433 1528612 1066232 725663 628994 1009626 1816209 1020590 1326112 120564 1135521 23427 655710 1307731 110169 131529 1021887 1117230
1958669 954533 1960739 646628 76677 1039111 682495 1263388 1233875 754112 1979869 965947 141515 901795 1046163 1738766 1502675 1692352 125511 1496933 183103 1551644 599591 988743 214673 912117 307235 847690 89795 1111695 377491 1435502 759808 296685 1686301 742117 689685 995407 545064 584931 1441411 1149830 75618 1703681 441463 269596 353678 1625793 424794
505460 664735 894663 1445372 945211 1156734 110670 815094 442224 81625 422392 105547 371383 811943 1926821 1275795 224620 924418 1852514 163599 325581 1557073 1066132 747507 595433 1809109 785650 586190 1865913 915904 341528 1009702 793750 1704500 405110 1125585 160796 123753 1143437 1565686 586140 269828 1036307 878287 321946 1680756 234129 769950 1928198
242828 911426 495846 60578 929396 984496 889479 1228788 1440245 50146 408603 1472818 1690055 53182 669792 1361694 1107633 178355 692315 474317 1330904 196575 1812112 1582022 1189691 1252721 166918 230062 895058 1091368 1889829 548590 1453968 1039458 1211729 118599 722340 675296 1288376 1793349 486494 1463399 823977 331992 1475611 199403 1248994 788214 57949
593372 94683 1580331 737609 769677 939422 194861 1739133 357999 1254075 467225 1280643 1595171 1929330 1012345 381166 578671 201673 1336089 1343136 805737 1352735 1899671 234626 1804499 1287261 302217 1886737 1380937 97033 1294120 1932586 254226 856093 1088480 722672 799095 374329 776257 779948 983726 104052 1733857 1382123 1886111 20934 287119 488538 1266003

M 인 것부터 차례대로 조사 (cell[0]부터 조사)
cell을 훑는 과정에서 상태가 2면 조사하지 않고 바로 제거 후
다음으로 넘어감
그 셀의 사방을 조사하는데
사방 조사를 하는 과정에서 해당 셀의 상태가 0이 아니면 
다른 사방 셀로 넘어감
사방의 셀이 M-1보다 작으면 M-1까지 올리고
올린만큼 count +
각각의 상태를 1로 바꾸고
바꾼 셀을 cell (M-1)에 넣어서 M 을 쭉 지나서 M-1이 보이면 
바로 거기에 위치시킴
그리고 이걸 다 마친 셀은 상태를 2로 바꾸고
cell 리스트에서 제거함

상태를 2로 바꿀때마다 지표 값을 증가시키고
이 값이 RC가 되면 함수 탈출






